name: Dhtutorial
channels:
  - conda-forge
  - defaults
dependencies:
  - asttokens=2.4.1=pyhd8ed1ab_0
  - ca-certificates=2024.9.24=haa95532_0
  - colorama=0.4.6=pyhd8ed1ab_0
  - comm=0.2.2=pyhd8ed1ab_0
  - cpython=3.9.20=py39hd8ed1ab_1
  - debugpy=1.8.7=py39ha51f57c_0
  - decorator=5.1.1=pyhd8ed1ab_0
  - et_xmlfile=1.1.0=py39haa95532_0
  - exceptiongroup=1.2.2=pyhd8ed1ab_0
  - executing=2.1.0=pyhd8ed1ab_0
  - importlib-metadata=8.5.0=pyha770c72_0
  - ipykernel=6.29.5=pyh4bbf305_0
  - ipython=8.18.1=pyh7428d3b_3
  - jedi=0.19.1=pyhd8ed1ab_0
  - jupyter_client=8.6.3=pyhd8ed1ab_0
  - jupyter_core=5.7.2=pyh5737063_1
  - krb5=1.21.3=hdf4eb48_0
  - libsodium=1.0.20=hc70643c_0
  - matplotlib-inline=0.1.7=pyhd8ed1ab_0
  - nest-asyncio=1.6.0=pyhd8ed1ab_0
  - openpyxl=3.1.5=py39h827c3e9_0
  - openssl=3.3.2=h2466b09_0
  - packaging=24.1=pyhd8ed1ab_0
  - parso=0.8.4=pyhd8ed1ab_0
  - pickleshare=0.7.5=py_1003
  - pip=24.2=py39haa95532_0
  - platformdirs=4.3.6=pyhd8ed1ab_0
  - prompt-toolkit=3.0.48=pyha770c72_0
  - psutil=6.0.0=py39ha55e580_1
  - pure_eval=0.2.3=pyhd8ed1ab_0
  - pygments=2.18.0=pyhd8ed1ab_0
  - python=3.9.20=h8205438_1
  - python_abi=3.9=2_cp39
  - pywin32=307=py39ha51f57c_3
  - pyzmq=26.2.0=py39h03e5c00_3
  - setuptools=75.1.0=py39haa95532_0
  - six=1.16.0=pyh6c4a22f_0
  - sqlite=3.45.3=h2bbff1b_0
  - stack_data=0.6.2=pyhd8ed1ab_0
  - tornado=6.4.1=py39ha55e580_1
  - traitlets=5.14.3=pyhd8ed1ab_0
  - typing_extensions=4.12.2=pyha770c72_0
  - tzdata=2024b=h04d1e81_0
  - ucrt=10.0.22621.0=h57928b3_1
  - vc=14.40=h2eaa2aa_1
  - vc14_runtime=14.40.33810=hcc2c482_22
  - vs2015_runtime=14.40.33810=h3bf8584_22
  - wcwidth=0.2.13=pyhd8ed1ab_0
  - wheel=0.44.0=py39haa95532_0
  - zeromq=4.3.5=ha9f60a1_6
  - zipp=3.20.2=pyhd8ed1ab_0
  - pip:
      - contourpy==1.3.0
      - cycler==0.12.1
      - fonttools==4.54.1
      - importlib-resources==6.4.5
      - kiwisolver==1.4.7
      - matplotlib==3.7.0
      - numpy==1.23.5
      - pandas==1.3.2
      - pillow==10.4.0
      - pulp==2.8.0
      - pyparsing==3.2.0
      - python-dateutil==2.9.0.post0
      - pytz==2024.2
prefix: C:\Users\skpk\AppData\Local\anaconda3\envs\Dhtutorial
